Initial set A: [98.  4. 16. 93. 84. 27. 47. 69. 36. 63. 20.  7. 25. 89. 51. 87. 56. 61.
 11.  8. 36.  9.  2.  6. 59.  3. 34. 42. 19. 12. 15. 56.  3. 73. 16. 17.
 95. 79. 38. 64. 14.  6. 59. 83. 38. 88. 81. 58. 75. 46. 89. 69. 14. 74.
 76.]
Initial set B: [ 5. 15. 78.  2. 11.  9. 91.  9. 91. 22. 76. 73. 49. 75. 96. 31. 52. 63.
 40. 24. 19. 67. 50. 73. 94. 14. 45. 73.  5.  2. 28.  4. 10. 66. 70.  9.
 19. 95. 98. 83. 33. 91. 24. 10. 58.]
Initial sum A: 2500.0
Initial sum B: 2052.0
Initial energy: 200704
Step 0: delta_E = -65408
Step 1: delta_E = 42280
Step 2: delta_E = -35032
Step 3: delta_E = 23436
Step 4: delta_E = 3348
Step 5: delta_E = -13392
Step 6: delta_E = 10260
Step 7: delta_E = 16644
Step 8: delta_E = 2052
Step 9: delta_E = 16644
Best sort: [-1  1 -1 -1 -1  1  1 -1  1  1 -1  1  1  1 -1 -1 -1 -1  1 -1  1  1  1  1
  1  1  1  1  1 -1  1  1 -1  1  1 -1  1 -1  1 -1 -1  1 -1  1  1 -1  1 -1
 -1 -1 -1  1  1  1 -1 -1 -1 -1  1 -1 -1 -1 -1  1 -1  1  1  1  1 -1  1  1
 -1  1 -1  1  1 -1 -1 -1 -1 -1 -1 -1 -1 -1 -1 -1  1 -1 -1  1  1 -1  1 -1
 -1  1  1 -1]
Lowest energy: -63631104
Current energy: -63631104
Final spin vector: [-1  1 -1 -1 -1  1  1 -1  1  1 -1  1  1  1 -1 -1 -1 -1  1 -1  1  1  1  1
  1  1  1  1  1 -1  1  1 -1  1  1 -1  1 -1  1 -1 -1  1 -1  1  1 -1  1 -1
 -1 -1 -1  1  1  1 -1 -1 -1 -1  1 -1 -1 -1 -1  1 -1  1  1  1  1 -1  1  1
 -1  1 -1  1  1 -1 -1 -1 -1 -1 -1 -1 -1 -1 -1 -1  1 -1 -1  1  1 -1  1 -1
 -1  1  1 -1]
Final set A: [98.  4. 16. 84. 11.  9. 91. 47. 20. 91. 25. 89. 51. 87. 22. 76. 73. 49.
 75. 61. 11. 31. 63. 40. 24.  2. 67.  6.  3. 45. 34. 15. 16.  2. 95. 79.
 28.  4. 64. 14. 66. 59. 75. 91. 24. 89. 74. 76.]
Final set B: [ 5. 15. 78.  2. 93. 27. 69. 36.  9. 63.  7. 56. 96. 52.  8. 36.  9. 19.
 50. 73. 59. 94. 14. 42. 19. 12. 73.  5. 56.  3. 73. 17. 38. 10.  6. 83.
 70.  9. 38. 88. 81. 58. 19. 95. 98. 83. 46. 33. 10. 69. 14. 58.]
Final sum A: 2276.0
Final sum B: 2276.0
